26018308 10 0 425338234 513
25559555 10 0 425338312 512
25166337 10 0 425338312 512
24510975 10 0 425338312 512
23790079 10 0 425338328 512
23069186 10 0 425338328 512
22217220 10 0 425338343 512
21496329 10 0 425338343 512
20775438 10 0 425338359 512
20185619 10 0 425338359 512
19661338 10 0 425338375 512
19137055 10 0 425338375 512
18743845 10 0 425338375 512
18481704 10 0 425338390 512
18285099 10 0 425338390 512
18088494 10 0 425338406 512
18022961 10 0 425338406 512
17957426 10 0 425338421 512
17957428 10 0 425338421 512
17891895 10 0 425338421 512
17826362 10 0 425338437 512
17826367 10 0 425338437 512
17695301 10 0 425338453 512
17629773 10 0 425338453 512
17629781 10 0 425338468 512
17629792 10 0 425338468 512
17695339 10 0 425338484 512
17826421 10 0 425338484 512
18088574 10 0 425338484 512
18481801 10 0 425338500 512
19006099 10 0 425338500 512
19661469 10 0 425338515 512
20447911 10 0 425338515 512
21103276 10 0 425338531 512
21562031 10 0 425338531 512
21955249 10 0 425338546 512
22414001 10 0 425338546 512
22545073 10 0 425338562 512
22807217 10 0 425338562 512
22938288 10 0 425338562 512
23265967 10 0 425338578 512
23855786 10 0 425338578 512
25035423 10 0 425338593 512
27001484 10 0 425338593 512
29295224 10 0 425338593 512
31457889 10 0 425338609 512
33292872 10 0 425338609 512
35127853 10 0 425338625 512
36897289 10 0 425338625 512
38076901 10 0 425338640 512
38797761 10 0 425338640 512
39190948 10 0 425338656 512
39321997 10 0 425338656 512
39190905 10 0 425338671 512
38797672 10 0 425338671 512
38469979 10 0 425338671 512
38011218 10 0 425338687 512
37552457 10 0 425338687 512
36897091 10 0 425338703 512
36176189 10 0 425338703 512
35455289 10 0 425338718 512
34734390 10 0 425338718 512
34013493 10 0 425338718 512
33292597 10 0 425338734 512
32637240 10 0 425338734 512
31850812 10 0 425338750 512
31195461 10 0 425338750 512
30409043 10 0 425338765 512
29491558 10 0 425338765 512
28443007 10 0 425338765 512
27459996 10 0 425338781 512
26739125 10 0 425338781 512
25952719 10 0 425338796 512
25428458 10 0 425338796 512
25166333 10 0 425338812 512
25035279 10 0 425338812 512
24969755 10 0 425338828 512
24969765 10 0 425338828 512
24969775 10 0 425338843 512
25100851 10 0 425338843 512
25231926 10 0 425338843 512
25362999 10 0 425338859 512
25494073 10 0 425338859 512
25559609 10 0 425338875 512
25690681 10 0 425338875 512
25756216 10 0 425338890 512
25821751 10 0 425338890 512
25952822 10 0 425338906 512
26018357 10 0 425338906 512
26149426 10 0 425338906 512
26214959 10 0 425338921 512
26346025 10 0 425338921 512
26608159 10 0 425338937 512
27132425 10 0 425338937 512
28115422 10 0 425338953 512
28705205 10 0 425338953 512
29229454 10 0 425338953 512
29294951 10 0 425338968 512
29294919 10 0 425338968 512
29229349 10 0 425338984 512
29032716 10 0 425338984 512
28573944 10 0 425339000 512
28115179 10 0 425339000 512
27525347 10 0 425339000 512
26869979 10 0 425339015 512
26345687 10 0 425339015 512
25821397 10 0 425339031 512
25428181 10 0 425339031 512
25166037 10 0 425339046 512
25034965 10 0 425339046 512
24903894 10 0 425339062 512
24772824 10 0 425339062 512
24641755 10 0 425339078 512
24576224 10 0 425339078 512
24183020 10 0 425339078 512
23527688 10 0 425339093 512
22610218 10 0 425339093 512
21954885 10 0 425339109 512
21496153 10 0 425339109 512
21234025 10 0 425339125 512
21168503 10 0 425339125 512
21168515 10 0 425339125 512
21168524 10 0 425339140 512
21234069 10 0 425339140 512
21496221 10 0 425339156 512
21823910 10 0 425339156 512
22151597 10 0 425339171 512
22413744 10 0 425339171 512
22610353 10 0 425339187 512
22741427 10 0 425339187 512
22806963 10 0 425339187 512
22938035 10 0 425339203 512
23069107 10 0 425339203 512
23200178 10 0 425339218 512
23331248 10 0 425339218 512
23396781 10 0 425339234 512
23658919 10 0 425339234 512
24052123 10 0 425339234 512
24904062 10 0 425339250 512
25755995 10 0 425339250 512
26214712 10 0 425339265 512
26345753 10 0 425339265 512
26149122 10 0 425339281 512
25821428 10 0 425339281 512
25428201 10 0 425339296 512
24838371 10 0 425339296 512
24248543 10 0 425339296 512
23593182 10 0 425339312 512
22872287 10 0 425339312 512
22151394 10 0 425339328 512
21430505 10 0 425339328 512
20709617 10 0 425339343 512
19923195 10 0 425339343 512
19267847 10 0 425339359 512
18809110 10 0 425339359 512
18284840 10 0 425339359 512
17760577 10 0 425339375 512
17301857 10 0 425339375 512
16974208 10 0 425339390 512
16908705 10 0 425339390 512
16908735 10 0 425339406 512
17039831 10 0 425339406 512
17433073 10 0 425339406 512
17826311 10 0 425339421 512
18481689 10 0 425339421 512
19137067 10 0 425339437 512
19661365 10 0 425339437 512
20120124 10 0 425339453 512
20316734 10 0 425339453 512
20513343 10 0 425339468 512
20709951 10 0 425339468 512
20775487 10 0 425339468 512
20972091 10 0 425339484 512
21168694 10 0 425339484 512
21758505 10 0 425339500 512
23003659 10 0 425339500 512
24248811 10 0 425339515 512
25362897 10 0 425339515 512
26083772 10 0 425339515 512
26476971 10 0 425339531 512
26739103 10 0 425339531 512
26739098 10 0 425339546 512
26739096 10 0 425339546 512
26739095 10 0 425339562 512
26608022 10 0 425339562 512
26476950 10 0 425339578 512
25887129 10 0 425339578 512
24510887 10 0 425339578 512
22282695 10 0 425339593 512
20054513 10 0 425339593 512
18219553 10 0 425339609 512
16908882 10 0 425339609 512
16056961 10 0 425339625 512
15729323 10 0 425339625 512
15729355 10 0 425339625 512
15991531 10 0 425339640 512
16384765 10 0 425339640 512
16843533 10 0 425339656 512
17171223 10 0 425339656 512
17433371 10 0 425339671 512
17695517 10 0 425339671 512
17892126 10 0 425339687 512
18154270 10 0 425339687 512
18678555 10 0 425339687 512
19923729 10 0 425339703 512
21758712 10 0 425339703 512
23659227 10 0 425339718 512
25494202 10 0 425339718 512
27198105 10 0 425339734 512
28443259 10 0 425339734 512
29360739 10 0 425339750 512
29885007 10 0 425339750 512
30081601 10 0 425339750 512
30081591 10 0 425339765 512
29884971 10 0 425339765 512
29491745 10 0 425339781 512
28901912 10 0 425339781 512
28181009 10 0 425339796 512
27394573 10 0 425339796 512
26804747 10 0 425339796 512
26280459 10 0 425339812 512
25952779 10 0 425339812 512
25559566 10 0 425339828 512
25166355 10 0 425339828 512
24707612 10 0 425339843 512
24117803 10 0 425339843 512
23659073 10 0 425339859 512
23331421 10 0 425339859 512
23134847 10 0 425339875 512
23134883 10 0 425339875 512
23397063 10 0 425339875 512
23855845 10 0 425339890 512
24314617 10 0 425339890 512
24773381 10 0 425339906 512
25166606 10 0 425339906 512
25494291 10 0 425339906 512
25690901 10 0 425339921 512
25756437 10 0 425339921 512
25821973 10 0 425339937 512
25953045 10 0 425339937 512
26018578 10 0 425339953 512
26542856 10 0 425339953 512
27919077 10 0 425339968 512
29164214 10 0 425339968 512
30278282 10 0 425339968 512
30868073 10 0 425339984 512
31064659 10 0 425339984 512
31064644 10 0 425340000 512
30868025 10 0 425340000 512
30540338 10 0 425340015 512
30147115 10 0 425340015 512
29491752 10 0 425340031 512
28574248 10 0 425340031 512
27656746 10 0 425340031 512
26739245 10 0 425340046 512
26018356 10 0 425340046 512
26018356 10 0 425340062 514
