33030614 10 0 70264312 513
32965078 10 0 70264343 512
32571865 10 0 70264343 512
31850974 10 0 70264359 512
30671335 10 0 70264359 512
28049914 10 0 70264375 512
25821706 10 0 70264375 512
23790108 10 0 70264390 512
21889579 10 0 70264406 512
19923517 10 0 70264406 512
17957456 10 0 70264406 512
16056929 10 0 70264421 512
14615153 10 0 70264421 512
13501053 10 0 70264437 512
12649094 10 0 70264437 512
12124810 10 0 70264453 512
11928205 10 0 70264468 512
11797134 10 0 70264468 512
11731600 10 0 70264484 512
11797136 10 0 70264515 512
12059281 10 0 70264531 512
12714642 10 0 70264531 512
13697686 10 0 70264546 512
15336092 10 0 70264546 512
17236644 10 0 70264562 512
19006123 10 0 70264578 512
20775603 10 0 70264593 512
22872761 10 0 70264593 512
24838850 10 0 70264593 512
26411720 10 0 70264609 512
27329227 10 0 70264609 512
28115661 10 0 70264625 512
28902094 10 0 70264640 512
29426383 10 0 70264640 512
29491919 10 0 70264656 512
29360847 10 0 70264687 512
28836554 10 0 70264703 512
27984573 10 0 70264703 512
26542758 10 0 70264718 512
25166481 10 0 70264734 512
23790198 10 0 70264734 512
22479450 10 0 70264750 512
21103166 10 0 70264765 512
19857955 10 0 70264765 512
18809355 10 0 70264765 512
17957367 10 0 70264781 512
17433068 10 0 70264781 512
17301995 10 0 70264796 512
17301994 10 0 70264796 512
17236458 10 0 70264843 512
17170923 10 0 70264875 512
17170926 10 0 70264875 512
17170934 10 0 70264890 512
17170947 10 0 70264890 512
17170964 10 0 70264921 512
17170988 10 0 70264921 512
17171015 10 0 70264921 512
17171045 10 0 70264921 512
17171070 10 0 70264937 512
17171100 10 0 70264937 512
17171127 10 0 70264953 512
17171144 10 0 70264953 512
17171153 10 0 70264968 512
17171154 10 0 70264968 512
17302226 10 0 70265031 512
17367762 10 0 70265046 512
17498834 10 0 70265046 512
17695441 10 0 70265062 512
18088653 10 0 70265062 512
18481863 10 0 70265078 512
19137215 10 0 70265078 512
20054705 10 0 70265093 512
21103262 10 0 70265093 512
22086280 10 0 70265109 512
23200371 10 0 70265109 512
24314466 10 0 70265125 512
25363024 10 0 70265125 512
26280513 10 0 70265140 512
27263537 10 0 70265140 512
27918883 10 0 70265156 512
28508694 10 0 70265156 512
29032971 10 0 70265171 512
29426175 10 0 70265187 512
29884919 10 0 70265187 512
30147055 10 0 70265203 512
30409193 10 0 70265203 512
30605798 10 0 70265218 512
30671331 10 0 70265218 512
30933470 10 0 70265234 512
31064540 10 0 70265234 512
31064539 10 0 70265250 512
31130075 10 0 70265250 512
31130074 10 0 70265265 512
31195609 10 0 70265265 512
31326680 10 0 70265281 512
31392214 10 0 70265281 512
31457750 10 0 70265296 512
31588822 10 0 70265296 512
31588822 10 0 70265328 514
