14811327 10 0 57140828 513
14811327 10 0 57141046 514
13959365 10 0 57142125 513
13959365 10 0 57142359 514
13631705 10 0 57143718 513
13631706 10 0 57144031 512
13631707 10 0 57144046 512
13697243 10 0 57144046 512
13762780 10 0 57144046 512
13762780 10 0 57144062 512
13828316 10 0 57144062 512
13893853 10 0 57144078 512
13893853 10 0 57144078 512
13893854 10 0 57144093 512
13893855 10 0 57144093 512
13959391 10 0 57144109 512
14024927 10 0 57144109 512
14024928 10 0 57144109 512
14090464 10 0 57144125 512
14156000 10 0 57144125 512
14156001 10 0 57144140 512
14156001 10 0 57144156 512
14221537 10 0 57144156 512
14287073 10 0 57144156 512
14287074 10 0 57144171 512
14287074 10 0 57144203 514
15270122 10 0 57145328 513
15270122 10 0 57145546 514
17105137 10 0 57146468 513
17367281 10 0 57146796 512
17826034 10 0 57146796 512
18088179 10 0 57146828 512
18284787 10 0 57146828 512
18415859 10 0 57146843 512
18546931 10 0 57146843 512
18743540 10 0 57146843 512
18874612 10 0 57146859 512
18940148 10 0 57146859 512
19005684 10 0 57146875 512
19136756 10 0 57146875 512
19136756 10 0 57146890 512
19202292 10 0 57146906 512
19267828 10 0 57146906 512
19267828 10 0 57146921 512
19333364 10 0 57146921 512
19398900 10 0 57146937 512
19398900 10 0 57146968 512
19464436 10 0 57146984 512
19464435 10 0 57147265 512
19464435 10 0 57147296 512
19464434 10 0 57147328 512
19464433 10 0 57147343 512
19398897 10 0 57147359 512
19398897 10 0 57147375 512
19398897 10 0 57147406 514
19661010 10 0 57148500 513
19464401 10 0 57148750 512
19267791 10 0 57148765 512
19005644 10 0 57148765 512
18874571 10 0 57148781 512
18743497 10 0 57148781 512
18743497 10 0 57148781 512
18612424 10 0 57148796 512
18612423 10 0 57148796 512
18612423 10 0 57148812 512
18546887 10 0 57148828 512
18481351 10 0 57148828 512
18481351 10 0 57148843 512
18481351 10 0 57149031 514
18481351 10 0 57149281 513
18481351 10 0 57149515 514
16253119 10 0 57150203 513
16253119 10 0 57150421 514
17498305 10 0 57151265 513
17825989 10 0 57151546 512
18350283 10 0 57151546 512
18874575 10 0 57151562 512
19267796 10 0 57151562 512
19661016 10 0 57151562 512
20054236 10 0 57151578 512
20316383 10 0 57151578 512
20644066 10 0 57151593 512
20971749 10 0 57151593 512
21168359 10 0 57151609 512
21364969 10 0 57151609 512
21627115 10 0 57151609 512
21823726 10 0 57151625 512
22020336 10 0 57151625 512
22085873 10 0 57151640 512
22151411 10 0 57151640 512
22282484 10 0 57151656 512
22348021 10 0 57151656 512
22413557 10 0 57151656 512
22413558 10 0 57151671 512
22479095 10 0 57151687 512
22544631 10 0 57151703 512
22544631 10 0 57151718 512
22544631 10 0 57151718 512
22544632 10 0 57151734 512
22544633 10 0 57151750 512
22544633 10 0 57151765 512
22544633 10 0 57152000 514
22544633 10 0 57152312 513
22544633 10 0 57152515 514
22151455 10 0 57153062 513
22020397 10 0 57153265 512
21692751 10 0 57153265 512
21627241 10 0 57153281 512
21430655 10 0 57153281 512
21234065 10 0 57153296 512
21168543 10 0 57153296 512
21103019 10 0 57153312 512
21103029 10 0 57153312 512
21103039 10 0 57153312 512
21103047 10 0 57153328 512
21103052 10 0 57153343 512
21168594 10 0 57153343 512
21234135 10 0 57153343 512
21234141 10 0 57153359 512
21299681 10 0 57153359 512
21299687 10 0 57153375 512
21299693 10 0 57153375 512
21299701 10 0 57153375 512
21365245 10 0 57153390 512
21365255 10 0 57153390 512
21365264 10 0 57153406 512
21365276 10 0 57153406 512
21365287 10 0 57153421 512
21365299 10 0 57153421 512
21365309 10 0 57153437 512
21365320 10 0 57153437 512
21365332 10 0 57153437 512
21234271 10 0 57153453 512
21103213 10 0 57153453 512
20972159 10 0 57153468 512
20841105 10 0 57153468 512
20710049 10 0 57153484 512
20578998 10 0 57153484 512
20316877 10 0 57153484 512
20251361 10 0 57153500 512
20251380 10 0 57153500 512
20185861 10 0 57153531 512
20185876 10 0 57153531 512
20185888 10 0 57153531 512
20316971 10 0 57153546 512
20316980 10 0 57153546 512
20316986 10 0 57153546 512
20382526 10 0 57153546 512
20382530 10 0 57153562 512
20448067 10 0 57153562 512
20448069 10 0 57153578 512
20448069 10 0 57153578 512
20448070 10 0 57153593 512
20382533 10 0 57153656 512
20316995 10 0 57153656 512
20316995 10 0 57153703 514
20316995 10 0 57154000 513
20316995 10 0 57154218 514
23855919 10 0 57154750 513
24118045 10 0 57154984 512
24773370 10 0 57155000 512
25363159 10 0 57155000 512
25821873 10 0 57155000 512
26280591 10 0 57155015 512
26739309 10 0 57155015 512
27066955 10 0 57155031 512
27263529 10 0 57155031 512
27394570 10 0 57155046 512
27525615 10 0 57155046 512
27525587 10 0 57155046 512
27591098 10 0 57155062 512
27656609 10 0 57155062 512
27787659 10 0 57155078 512
28049781 10 0 57155078 512
28246371 10 0 57155093 512
28574035 10 0 57155093 512
28770631 10 0 57155109 512
29098301 10 0 57155109 512
29294901 10 0 57155109 512
29491504 10 0 57155125 512
29622572 10 0 57155125 512
29753642 10 0 57155140 512
29884711 10 0 57155156 512
30015782 10 0 57155156 512
30081317 10 0 57155156 512
30212387 10 0 57155156 512
30277921 10 0 57155171 512
30474526 10 0 57155171 512
30736665 10 0 57155187 512
30998802 10 0 57155187 512
31326473 10 0 57155203 512
31588609 10 0 57155203 512
31916280 10 0 57155218 512
32112881 10 0 57155218 512
32309483 10 0 57155218 512
32375015 10 0 57155234 512
32506085 10 0 57155250 512
32506083 10 0 57155250 512
32637154 10 0 57155250 512
32702689 10 0 57155265 512
32768225 10 0 57155265 512
32899297 10 0 57155265 512
32899297 10 0 57155281 512
32899297 10 0 57155281 514
24248549 10 0 57156375 513
24641782 10 0 57156562 512
26018075 10 0 57156562 512
27394363 10 0 57156562 512
28836185 10 0 57156578 512
30015861 10 0 57156578 512
30933387 10 0 57156593 512
31785378 10 0 57156593 512
32506295 10 0 57156609 512
33096135 10 0 57156609 512
33685975 10 0 57156609 512
34079203 10 0 57156625 512
34341358 10 0 57156625 512
34537975 10 0 57156640 512
34734583 10 0 57156656 512
34865673 10 0 57156656 512
34996751 10 0 57156656 512
35062287 10 0 57156671 512
35062287 10 0 57156671 514
31654587 10 0 57157906 513
29950649 10 0 57158078 512
26608311 10 0 57158093 512
23462579 10 0 57158093 512
20775599 10 0 57158109 512
18743978 10 0 57158109 512
16646823 10 0 57158109 512
14811810 10 0 57158125 512
13107871 10 0 57158125 512
11403931 10 0 57158140 512
9699993 10 0 57158140 512
7864983 10 0 57158156 512
6161047 10 0 57158156 512
4194967 10 0 57158156 512
2163353 10 0 57158171 512
668 10 0 57158171 512
524947 10 0 57158875 512
983699 10 0 57158875 512
1245841 10 0 57158890 512
1573521 10 0 57158890 512
1704592 10 0 57158906 512
1835663 10 0 57158906 512
1966735 10 0 57158906 512
2097807 10 0 57158921 512
2228879 10 0 57158921 512
2228879 10 0 57158937 512
2294415 10 0 57158937 512
2359951 10 0 57158953 512
2491022 10 0 57158953 512
2687629 10 0 57158968 512
2949772 10 0 57158984 512
3146379 10 0 57158984 512
3342986 10 0 57158984 512
3539592 10 0 57158984 512
3801735 10 0 57159000 512
3932807 10 0 57159000 512
3998342 10 0 57159015 512
4063877 10 0 57159015 512
4129413 10 0 57159015 512
4194949 10 0 57159031 512
4194948 10 0 57159031 512
4326020 10 0 57159046 512
4391555 10 0 57159062 512
4522627 10 0 57159062 512
4850305 10 0 57159062 512
5243518 10 0 57159078 512
5833339 10 0 57159078 512
6423160 10 0 57159078 512
7078517 10 0 57159093 512
7602801 10 0 57159093 512
7864945 10 0 57159109 512
7930480 10 0 57159109 512
7996016 10 0 57159125 512
8061552 10 0 57159125 512
8127088 10 0 57159140 512
8127088 10 0 57159156 512
8192624 10 0 57159187 512
8258160 10 0 57159234 512
8258160 10 0 57159234 512
8389231 10 0 57159265 512
8651373 10 0 57159265 512
9175657 10 0 57159265 512
10027620 10 0 57159281 512
10814046 10 0 57159281 512
11534937 10 0 57159296 512
12059221 10 0 57159296 512
12386899 10 0 57159296 512
12583507 10 0 57159312 512
12714577 10 0 57159312 512
12845649 10 0 57159328 512
12845649 10 0 57159328 512
12976720 10 0 57159343 512
12976720 10 0 57159343 512
13042256 10 0 57159359 512
13107791 10 0 57159359 512
13238863 10 0 57159359 512
13435471 10 0 57159375 512
13763149 10 0 57159375 512
13894220 10 0 57159390 512
14221899 10 0 57159390 512
14418505 10 0 57159390 512
14680648 10 0 57159406 512
14811719 10 0 57159406 512
14811719 10 0 57159421 512
14811719 10 0 57159671 513
14811719 10 0 57159906 514
12452331 10 0 57160312 513
12452346 10 0 57160500 512
12452379 10 0 57160515 512
12452414 10 0 57160515 512
12452447 10 0 57160531 512
12452477 10 0 57160531 512
12583582 10 0 57160546 512
12845757 10 0 57160546 512
13042399 10 0 57160546 512
13370113 10 0 57160562 512
13632288 10 0 57160562 512
13894463 10 0 57160578 512
14222169 10 0 57160578 512
14549873 10 0 57160593 512
14812039 10 0 57160593 512
15074203 10 0 57160593 512
15336361 10 0 57160609 512
15532985 10 0 57160609 512
15860677 10 0 57160625 512
16122833 10 0 57160625 512
16384989 10 0 57160640 512
16647143 10 0 57160640 512
16843761 10 0 57160656 512
17105913 10 0 57160656 512
17302527 10 0 57160656 512
17433605 10 0 57160671 512
17630217 10 0 57160671 512
17695755 10 0 57160687 512
17695757 10 0 57160687 512
17761293 10 0 57160703 512
17761295 10 0 57160703 512
17761295 10 0 57160750 514
23331833 10 0 57161921 513
22217712 10 0 57162093 512
20317153 10 0 57162109 512
18744274 10 0 57162109 512
17368007 10 0 57162109 512
16188351 10 0 57162125 512
15336376 10 0 57162125 512
14615473 10 0 57162140 512
13894570 10 0 57162140 512
13304739 10 0 57162156 512
12911517 10 0 57162171 512
12518295 10 0 57162171 512
12256145 10 0 57162171 512
11928460 10 0 57162171 512
11600775 10 0 57162187 512
11338627 10 0 57162187 512
11010943 10 0 57162203 512
10814332 10 0 57162203 512
10552184 10 0 57162234 512
10355573 10 0 57162234 512
10093425 10 0 57162234 512
9831277 10 0 57162234 512
9700202 10 0 57162234 512
9438054 10 0 57162250 512
9306977 10 0 57162250 512
9175902 10 0 57162265 512
9044828 10 0 57162265 512
9044825 10 0 57162281 512
8913751 10 0 57162281 512
8848213 10 0 57162281 512
8782675 10 0 57162296 512
8782673 10 0 57162296 512
8717135 10 0 57162312 512
8651599 10 0 57162312 512
8651598 10 0 57162328 512
8651597 10 0 57162328 512
8586061 10 0 57162328 512
8586060 10 0 57162343 512
8586059 10 0 57162343 512
8520523 10 0 57162375 512
8520522 10 0 57162390 512
8520521 10 0 57162390 512
8520521 10 0 57162406 512
8520520 10 0 57162421 512
8520520 10 0 57162453 514
8389583 10 0 57163421 513
9569205 10 0 57163593 512
11273106 10 0 57163609 512
13304681 10 0 57163609 512
15336255 10 0 57163625 512
17367833 10 0 57163625 512
19596015 10 0 57163625 512
21562059 10 0 57163640 512
23331496 10 0 57163640 512
24838793 10 0 57163656 512
26083950 10 0 57163656 512
27001433 10 0 57163671 512
27525707 10 0 57163671 512
27918913 10 0 57163671 512
28246586 10 0 57163687 512
28312119 10 0 57163687 512
28443189 10 0 57163703 512
28508724 10 0 57163703 512
28574260 10 0 57163718 512
28705332 10 0 57163718 512
28901939 10 0 57163734 512
29098547 10 0 57163734 512
29426227 10 0 57163734 512
29753907 10 0 57163750 512
30147123 10 0 57163750 512
30540338 10 0 57163765 512
30802481 10 0 57163781 512
30999088 10 0 57163781 512
31457839 10 0 57163796 512
31916589 10 0 57163796 512
32244269 10 0 57163796 512
32703020 10 0 57163796 512
33030699 10 0 57163812 512
33358378 10 0 57163828 512
33686057 10 0 57163828 512
34079273 10 0 57163828 512
34472489 10 0 57163828 512
34865703 10 0 57163843 512
35258919 10 0 57163843 512
35717671 10 0 57163859 512
35979815 10 0 57163875 512
36176422 10 0 57163875 512
36307494 10 0 57163875 512
36438566 10 0 57163890 512
36569638 10 0 57163890 512
36635174 10 0 57163890 512
36635174 10 0 57163906 514
38797687 10 0 57165031 513
38404477 10 0 57165203 512
37486991 10 0 57165218 512
36110765 10 0 57165218 512
35127749 10 0 57165234 512
34341339 10 0 57165234 512
33686001 10 0 57165250 512
32899593 10 0 57165250 512
32244253 10 0 57165265 512
31588912 10 0 57165265 512
31064641 10 0 57165281 512
30671440 10 0 57165281 512
30278241 10 0 57165281 512
29950574 10 0 57165296 512
29753977 10 0 57165296 512
29622914 10 0 57165312 512
29622923 10 0 57165312 512
29491857 10 0 57165312 512
29491863 10 0 57165328 512
29557404 10 0 57165328 512
29557409 10 0 57165343 512
29622948 10 0 57165343 512
29622952 10 0 57165359 512
29688490 10 0 57165359 512
29688493 10 0 57165375 512
29754032 10 0 57165375 512
29754036 10 0 57165375 512
29819577 10 0 57165390 512
29819581 10 0 57165390 512
29885122 10 0 57165406 512
29950665 10 0 57165406 512
30081744 10 0 57165406 512
30212826 10 0 57165421 512
30343907 10 0 57165421 512
30540527 10 0 57165453 512
30802683 10 0 57165453 512
30933768 10 0 57165453 512
31064851 10 0 57165453 512
31130399 10 0 57165468 512
31195948 10 0 57165484 512
31195961 10 0 57165484 512
31195975 10 0 57165484 512
31195988 10 0 57165484 512
31064928 10 0 57165500 512
31064940 10 0 57165500 512
30933880 10 0 57165515 512
30933892 10 0 57165515 512
30999440 10 0 57165515 512
30999451 10 0 57165531 512
30999451 10 0 57165531 512
30999451 10 0 57165546 514
40895087 10 0 57166578 513
39715433 10 0 57166765 512
37880417 10 0 57166765 512
36176475 10 0 57166781 512
34538069 10 0 57166781 512
33161807 10 0 57166796 512
31851082 10 0 57166796 512
30736963 10 0 57166812 512
29753917 10 0 57166812 512
28770869 10 0 57166812 512
27918896 10 0 57166828 512
27001386 10 0 57166828 512
25887267 10 0 57166843 512
24904221 10 0 57166859 512
23790103 10 0 57166859 512
22544913 10 0 57166859 512
21168653 10 0 57166859 512
20054536 10 0 57166875 512
19268101 10 0 57166875 512
18547200 10 0 57166890 512
17957372 10 0 57166890 512
17433081 10 0 57166906 512
16974325 10 0 57166906 512
16646643 10 0 57166906 512
16384496 10 0 57166921 512
15991277 10 0 57166921 512
15663594 10 0 57166937 512
15466985 10 0 57166937 512
15204839 10 0 57166953 512
14811620 10 0 57166953 512
14680547 10 0 57166968 512
14483938 10 0 57166968 512
14418401 10 0 57166984 512
14287327 10 0 57166984 512
14287327 10 0 57166984 512
14287327 10 0 57167000 512
14221791 10 0 57167000 512
14221790 10 0 57167015 512
14221789 10 0 57167015 512
14156253 10 0 57167031 512
14156251 10 0 57167031 512
14090714 10 0 57167046 512
14025177 10 0 57167046 512
13959639 10 0 57167062 512
13763028 10 0 57167062 512
13631954 10 0 57167078 512
13369807 10 0 57167078 512
13173197 10 0 57167093 512
12911052 10 0 57167093 512
12583369 10 0 57167093 512
12190151 10 0 57167109 512
11796932 10 0 57167109 512
11469250 10 0 57167125 512
11076033 10 0 57167125 512
10748352 10 0 57167125 512
10486208 10 0 57167140 512
10289600 10 0 57167171 512
10289600 10 0 57167171 514
34537738 10 0 57168937 513
33095949 10 0 57169109 512
30146839 10 0 57169109 512
27197724 10 0 57169125 512
24445218 10 0 57169125 512
22216999 10 0 57169125 512
20447531 10 0 57169140 512
18743600 10 0 57169140 512
17039671 10 0 57169156 512
14876991 10 0 57169156 512
12714313 10 0 57169171 512
10355030 10 0 57169171 512
8192356 10 0 57169187 512
6029680 10 0 57169187 512
4325754 10 0 57169187 512
3408255 10 0 57169203 512
2818433 10 0 57169203 512
3015046 10 0 57170031 512
5243261 10 0 57170031 512
7405939 10 0 57170031 512
9044330 10 0 57170046 512
10355043 10 0 57170046 512
11403611 10 0 57170062 512
12190039 10 0 57170062 512
12845394 10 0 57170078 512
13238607 10 0 57170078 512
13500749 10 0 57170093 512
13762891 10 0 57170093 512
14025032 10 0 57170093 512
14352709 10 0 57170109 512
14680386 10 0 57170109 512
15073598 10 0 57170125 512
15728953 10 0 57170125 512
16515378 10 0 57170140 512
17236267 10 0 57170140 512
17826086 10 0 57170140 512
18284833 10 0 57170156 512
18612508 10 0 57170156 512
18809112 10 0 57170171 512
19071253 10 0 57170171 512
19136787 10 0 57170187 512
19267857 10 0 57170187 512
19267855 10 0 57170187 512
19267854 10 0 57170203 512
19333389 10 0 57170203 512
19398923 10 0 57170218 512
19398923 10 0 57170234 512
19398921 10 0 57170234 512
19398920 10 0 57170234 512
19529990 10 0 57170250 512
19661059 10 0 57170250 512
19857662 10 0 57170265 512
20119801 10 0 57170265 512
20381939 10 0 57170281 512
20644077 10 0 57170296 512
20775146 10 0 57170296 512
20840679 10 0 57170296 512
20906212 10 0 57170296 512
20906211 10 0 57170312 512
20971747 10 0 57170312 512
20971746 10 0 57170328 512
20971745 10 0 57170343 512
20971745 10 0 57170343 512
21102815 10 0 57170343 512
21168349 10 0 57170359 512
21364955 10 0 57170359 512
21627096 10 0 57170375 512
21758166 10 0 57170375 512
22020306 10 0 57170390 512
22151377 10 0 57170390 512
22282447 10 0 57170390 512
22347982 10 0 57170406 512
22413517 10 0 57170406 512
22413517 10 0 57170421 512
22413517 10 0 57170437 512
22413516 10 0 57170437 512
22479052 10 0 57170453 512
22479051 10 0 57170453 512
22544587 10 0 57170468 512
22544586 10 0 57170484 512
22544585 10 0 57170500 512
22610121 10 0 57170500 512
22610119 10 0 57170515 512
22675655 10 0 57170515 512
22675654 10 0 57170515 512
22675653 10 0 57170531 512
22741186 10 0 57170531 512
22806719 10 0 57170546 512
22937787 10 0 57170546 512
23134391 10 0 57170546 512
23330993 10 0 57170562 512
23462060 10 0 57170578 512
23724197 10 0 57170578 512
23855265 10 0 57170593 512
23920796 10 0 57170593 512
23986329 10 0 57170593 512
24051863 10 0 57170593 512
24117397 10 0 57170609 512
24117397 10 0 57170609 512
24117396 10 0 57170625 512
24117395 10 0 57170625 512
24117395 10 0 57170656 512
24117394 10 0 57170656 512
24117393 10 0 57170671 512
24117393 10 0 57170671 512
24117392 10 0 57170687 512
24117391 10 0 57170687 512
24117391 10 0 57171031 513
24641682 10 0 57171265 512
25428119 10 0 57171265 512
26345627 10 0 57171265 512
27000989 10 0 57171281 512
27656353 10 0 57171296 512
28115106 10 0 57171296 512
28573859 10 0 57171296 512
28836003 10 0 57171312 512
28967075 10 0 57171312 512
29098147 10 0 57171312 512
29163683 10 0 57171328 512
29229219 10 0 57171328 512
29229220 10 0 57171343 512
29294756 10 0 57171343 512
29294756 10 0 57171406 514
29294756 10 0 57171609 513
29294756 10 0 57171812 514
29294756 10 0 57171812 513
29163691 10 0 57172062 512
28836023 10 0 57172078 512
28704960 10 0 57172093 512
28508361 10 0 57172109 512
28442830 10 0 57172109 512
28311764 10 0 57172109 512
28311767 10 0 57172125 512
28311770 10 0 57172125 512
28311771 10 0 57172140 512
28311773 10 0 57172140 512
28311773 10 0 57172156 512
28311774 10 0 57172156 512
28311775 10 0 57172171 512
28311775 10 0 57172203 512
28311776 10 0 57172218 512
28311777 10 0 57172234 512
28246241 10 0 57172406 512
28246240 10 0 57172421 512
28180704 10 0 57172421 512
28180703 10 0 57172453 512
28180703 10 0 57172500 514
28180703 10 0 57172671 513
27984095 10 0 57172968 512
27656415 10 0 57172968 512
27263200 10 0 57172984 512
26869985 10 0 57172984 512
26542306 10 0 57173000 512
26214627 10 0 57173000 512
25886949 10 0 57173000 512
25690341 10 0 57173015 512
25428198 10 0 57173015 512
25362663 10 0 57173031 512
25297127 10 0 57173046 512
25297127 10 0 57173046 512
25231591 10 0 57173046 512
25166055 10 0 57173046 512
25166055 10 0 57173062 512
25100519 10 0 57173093 512
25034983 10 0 57173093 512
25034984 10 0 57173125 512
25034984 10 0 57173156 514
24314262 10 0 57174640 513
24248741 10 0 57174781 512
24117697 10 0 57174796 512
23986653 10 0 57174796 512
23921137 10 0 57174812 512
23921156 10 0 57174812 512
23986712 10 0 57174828 512
23986729 10 0 57174828 512
23986745 10 0 57174828 512
23986764 10 0 57174843 512
23986781 10 0 57174843 512
23986800 10 0 57174859 512
23986819 10 0 57174859 512
23986835 10 0 57174875 512
24052389 10 0 57174875 512
24052408 10 0 57174890 512
24117964 10 0 57174890 512
24314592 10 0 57174906 512
24380145 10 0 57174906 512
24642311 10 0 57174906 512
25035546 10 0 57174921 512
25297706 10 0 57174921 512
25690941 10 0 57174937 512
26084174 10 0 57174937 512
26542946 10 0 57174937 512
26870643 10 0 57174953 512
27263877 10 0 57174953 512
27591577 10 0 57174968 512
28050349 10 0 57174984 512
28443583 10 0 57174984 512
28771285 10 0 57174984 512
29361132 10 0 57174984 512
30016513 10 0 57175000 512
30802963 10 0 57175000 512
31523876 10 0 57175015 512
32113710 10 0 57175015 512
32703543 10 0 57175015 512
33096765 10 0 57175031 512
33424450 10 0 57175031 512
33817669 10 0 57175046 512
34079815 10 0 57175046 512
34407499 10 0 57175062 512
34604108 10 0 57175062 512
34931789 10 0 57175078 512
35062863 10 0 57175078 512
35259471 10 0 57175078 512
35521617 10 0 57175093 512
35652689 10 0 57175093 512
35980371 10 0 57175109 512
36111443 10 0 57175109 512
36242515 10 0 57175125 512
36439123 10 0 57175125 512
36570195 10 0 57175140 512
36701267 10 0 57175140 512
36897874 10 0 57175140 512
36963408 10 0 57175156 512
37094479 10 0 57175156 512
37160014 10 0 57175171 512
37225550 10 0 57175171 512
37225550 10 0 57175187 514
39977864 10 0 57176109 513
37880717 10 0 57176281 512
34931605 10 0 57176312 512
32113568 10 0 57176312 512
29492137 10 0 57176312 512
27526065 10 0 57176312 512
25559995 10 0 57176328 512
24118209 10 0 57176328 512
22676425 10 0 57176328 512
21562319 10 0 57176343 512
20382679 10 0 57176343 512
19399647 10 0 57176359 512
18220007 10 0 57176359 512
17171439 10 0 57176375 512
16057335 10 0 57176375 512
14943234 10 0 57176390 512
13960202 10 0 57176390 512
13108243 10 0 57176406 512
12190745 10 0 57176406 512
11600927 10 0 57176406 512
11011109 10 0 57176421 512
10748967 10 0 57176421 512
10421290 10 0 57176437 512
10159149 10 0 57176437 512
10028079 10 0 57176437 512
9897009 10 0 57176453 512
9700403 10 0 57176453 512
9503797 10 0 57176484 512
9307191 10 0 57176484 512
9045049 10 0 57176484 512
8782908 10 0 57176500 512
8455232 10 0 57176500 512
8193092 10 0 57176515 512
7865415 10 0 57176515 512
7668809 10 0 57176531 512
7603275 10 0 57176531 512
7472204 10 0 57176531 512
7406669 10 0 57176546 512
7341133 10 0 57176546 512
7341134 10 0 57176562 512
7341134 10 0 57176578 512
7341135 10 0 57176578 512
7341135 10 0 57176687 514
16385101 10 0 57177515 513
16581700 10 0 57177718 512
17105968 10 0 57177734 512
17826835 10 0 57177734 512
18875380 10 0 57177750 512
19727322 10 0 57177750 512
20710333 10 0 57177765 512
21562277 10 0 57177765 512
22414222 10 0 57177781 512
23200630 10 0 57177781 512
23921505 10 0 57177781 512
24707916 10 0 57177796 512
25494327 10 0 57177796 512
26149669 10 0 57177812 512
26870546 10 0 57177812 512
27656959 10 0 57177828 512
28312305 10 0 57177828 512
28836582 10 0 57177828 512
29360859 10 0 57177843 512
29754066 10 0 57177843 512
30147276 10 0 57177859 512
30540485 10 0 57177859 512
30802625 10 0 57177875 512
31064765 10 0 57177875 512
31326905 10 0 57177890 512
31457975 10 0 57177890 512
31654580 10 0 57177890 512
31851185 10 0 57177906 512
32047789 10 0 57177906 512
32244394 10 0 57177921 512
32506535 10 0 57177921 512
32768673 10 0 57177937 512
33030815 10 0 57177937 512
33227419 10 0 57177937 512
33424024 10 0 57177953 512
33489557 10 0 57177953 512
33555092 10 0 57177968 512
33751699 10 0 57177968 512
33817234 10 0 57177984 512
33817233 10 0 57177984 512
33817233 10 0 57177984 512
33882768 10 0 57178000 512
33948304 10 0 57178000 512
34013840 10 0 57178015 512
34079375 10 0 57178015 512
34210446 10 0 57178031 512
34341517 10 0 57178031 512
34472587 10 0 57178046 512
34669195 10 0 57178046 512
34865802 10 0 57178046 512
34996873 10 0 57178062 512
35127944 10 0 57178062 512
35193480 10 0 57178078 512
35259016 10 0 57178078 512
35259016 10 0 57178093 512
35324552 10 0 57178093 512
35390088 10 0 57178109 512
35390087 10 0 57178140 512
35390087 10 0 57178156 512
35390086 10 0 57178187 512
35390087 10 0 57178265 512
35390087 10 0 57178281 512
35390087 10 0 57178312 514
38076945 10 0 57179421 513
37093903 10 0 57179609 512
35389963 10 0 57179625 512
34013704 10 0 57179625 512
32506375 10 0 57179640 512
31392261 10 0 57179640 512
30278149 10 0 57179640 512
29360645 10 0 57179656 512
28312069 10 0 57179656 512
27066885 10 0 57179671 512
25952774 10 0 57179671 512
24969735 10 0 57179687 512
23790087 10 0 57179703 512
22675976 10 0 57179703 512
21496329 10 0 57179703 512
20382219 10 0 57179718 512
19399180 10 0 57179718 512
18547212 10 0 57179718 512
17760781 10 0 57179734 512
17170957 10 0 57179734 512
16646669 10 0 57179750 512
16187918 10 0 57179750 512
15729166 10 0 57179750 512
15467023 10 0 57179765 512
15270415 10 0 57179765 512
15073807 10 0 57179781 512
14877199 10 0 57179781 512
14746127 10 0 57179796 512
14549519 10 0 57179796 512
14418447 10 0 57179796 512
14287375 10 0 57179828 512
14221839 10 0 57179828 512
14156303 10 0 57179828 512
14025231 10 0 57179828 512
13959695 10 0 57179843 512
13894160 10 0 57179843 512
13828624 10 0 57179859 512
13763088 10 0 57179859 512
13763088 10 0 57179906 512
13697553 10 0 57179921 512
13632017 10 0 57179921 512
13566481 10 0 57179921 512
13369874 10 0 57179937 512
13173267 10 0 57179937 512
12976659 10 0 57179953 512
12780052 10 0 57179953 512
12452372 10 0 57179968 512
12321301 10 0 57179968 512
11993622 10 0 57179968 512
11731479 10 0 57179984 512
11469335 10 0 57180000 512
11076120 10 0 57180000 512
10813977 10 0 57180000 512
10551833 10 0 57180015 512
10224153 10 0 57180015 512
10093081 10 0 57180015 512
9962009 10 0 57180031 512
9896473 10 0 57180031 512
9830937 10 0 57180046 512
9699865 10 0 57180046 512
9699865 10 0 57180062 512
9634329 10 0 57180062 512
9568793 10 0 57180078 512
9503257 10 0 57180078 512
9437721 10 0 57180093 512
9437721 10 0 57180093 512
9372186 10 0 57180109 512
9306650 10 0 57180125 512
9306651 10 0 57180140 512
9241115 10 0 57180156 512
9175579 10 0 57180171 512
9175579 10 0 57180171 512
9175580 10 0 57180203 512
9175581 10 0 57180218 512
9175581 10 0 57180234 514
6816345 10 0 57181187 513
7012961 10 0 57181375 512
7668335 10 0 57181390 512
8323714 10 0 57181390 512
8913551 10 0 57181406 512
9437853 10 0 57181406 512
9896616 10 0 57181421 512
10420914 10 0 57181421 512
11010746 10 0 57181421 512
11469504 10 0 57181437 512
12059333 10 0 57181437 512
12518090 10 0 57181453 512
12976845 10 0 57181453 512
13370064 10 0 57181468 512
13632209 10 0 57181468 512
14025427 10 0 57181468 512
14484179 10 0 57181484 512
15008467 10 0 57181484 512
15860435 10 0 57181500 512
17498833 10 0 57181500 512
19923658 10 0 57181515 512
22545091 10 0 57181515 512
25363128 10 0 57181531 512
27984559 10 0 57181531 512
30605991 10 0 57181531 512
32703137 10 0 57181546 512
34603676 10 0 57181546 512
35783320 10 0 57181562 512
36700822 10 0 57181562 512
37225109 10 0 57181578 512
37487253 10 0 57181578 512
37552789 10 0 57181578 512
37618325 10 0 57181593 512
37683861 10 0 57181593 512
37749397 10 0 57181609 512
37749397 10 0 57181625 512
37814933 10 0 57181640 512
37814932 10 0 57181640 512
37880467 10 0 57181640 512
37946003 10 0 57181656 512
38142610 10 0 57181656 512
38404753 10 0 57181671 512
38797967 10 0 57181671 512
39060109 10 0 57181687 512
39256716 10 0 57181687 512
39453323 10 0 57181687 512
39584395 10 0 57181703 512
39846538 10 0 57181703 512
39977610 10 0 57181718 512
40108681 10 0 57181718 512
40239752 10 0 57181734 512
40436359 10 0 57181734 512
40567431 10 0 57181734 512
40764038 10 0 57181750 512
40895109 10 0 57181750 512
41157253 10 0 57181765 512
41288325 10 0 57181781 512
41419396 10 0 57181781 512
41550468 10 0 57181781 512
41681539 10 0 57181796 512
41812611 10 0 57181796 512
41943683 10 0 57181796 512
42009219 10 0 57181812 512
42140291 10 0 57181828 512
42205825 10 0 57181828 512
42336897 10 0 57181828 512
42402433 10 0 57181843 512
42467969 10 0 57181843 512
42533505 10 0 57181843 512
42599040 10 0 57181859 512
42730112 10 0 57181859 512
42795647 10 0 57181875 512
42861183 10 0 57181875 512
42992255 10 0 57181890 512
43057791 10 0 57181890 512
43123327 10 0 57181906 512
43188863 10 0 57181921 512
43254399 10 0 57181921 512
43319935 10 0 57181921 512
43385471 10 0 57181937 512
43451007 10 0 57181937 512
43516543 10 0 57181953 512
43582079 10 0 57181953 512
43647615 10 0 57181968 512
43778687 10 0 57181968 512
43844223 10 0 57181984 512
43909759 10 0 57181984 512
44040831 10 0 57182000 512
44040831 10 0 57182000 514
42402573 10 0 57182890 513
42074875 10 0 57183062 512
41550547 10 0 57183078 512
40960687 10 0 57183078 512
40239748 10 0 57183093 512
39584348 10 0 57183093 512
39125551 10 0 57183109 512
38535682 10 0 57183109 512
38011349 10 0 57183125 512
37618088 10 0 57183125 512
37290366 10 0 57183125 512
36962644 10 0 57183140 512
36831539 10 0 57183140 512
36569361 10 0 57183156 512
36569334 10 0 57183156 512
36569312 10 0 57183156 512
36569291 10 0 57183171 512
36634807 10 0 57183171 512
36700325 10 0 57183187 512
36831383 10 0 57183187 512
36831368 10 0 57183203 512
36962427 10 0 57183203 512
36962412 10 0 57183203 512
36962400 10 0 57183218 512
36962390 10 0 57183218 512
36962381 10 0 57183234 512
36962373 10 0 57183234 512
36962367 10 0 57183250 512
36831291 10 0 57183250 512
36831287 10 0 57183265 512
36831286 10 0 57183281 512
36831285 10 0 57183281 512
36831284 10 0 57183281 512
36831285 10 0 57183390 512
36831285 10 0 57183406 512
36831286 10 0 57183421 512
36831287 10 0 57183421 512
36831287 10 0 57183453 514
21233768 10 0 57184500 513
21495915 10 0 57184734 512
22085743 10 0 57184734 512
22937717 10 0 57184734 512
23986299 10 0 57184750 512
25297027 10 0 57184750 512
26280075 10 0 57184765 512
27263121 10 0 57184765 512
27918485 10 0 57184765 512
28639386 10 0 57184781 512
29163677 10 0 57184781 512
29753505 10 0 57184796 512
30212260 10 0 57184796 512
30736551 10 0 57184812 512
31391915 10 0 57184812 512
31916206 10 0 57184828 512
32571569 10 0 57184828 512
33292468 10 0 57184843 512
34013367 10 0 57184859 512
34734267 10 0 57184859 512
35389630 10 0 57184875 512
36176067 10 0 57184875 512
36831430 10 0 57184875 512
37486793 10 0 57184890 512
38142156 10 0 57184890 512
38600913 10 0 57184906 512
39059667 10 0 57184906 512
39452885 10 0 57184921 512
39649494 10 0 57184921 512
39846103 10 0 57184921 512
39977177 10 0 57184937 512
40108249 10 0 57184937 512
40173786 10 0 57184953 512
40239322 10 0 57184953 512
40239322 10 0 57184968 512
40304859 10 0 57184968 512
40370395 10 0 57184984 512
40370395 10 0 57184984 512
40370395 10 0 57185000 512
40435931 10 0 57185046 512
40435932 10 0 57185062 512
40435932 10 0 57185203 514
