24773025 10 0 56976234 513
23724459 10 0 56976265 512
22675893 10 0 56976265 512
21758399 10 0 56976281 512
21103045 10 0 56976281 512
20578763 10 0 56976296 512
20251085 10 0 56976296 512
20054479 10 0 56976296 512
19923409 10 0 56976312 512
19857873 10 0 56976312 512
19792337 10 0 56976328 512
19792338 10 0 56976328 512
19792339 10 0 56976343 512
19726803 10 0 56976343 512
19726803 10 0 56976343 512
19661267 10 0 56976359 512
19661268 10 0 56976375 512
19661269 10 0 56976375 512
19595734 10 0 56976390 512
19530199 10 0 56976390 512
19464666 10 0 56976406 512
19399133 10 0 56976406 512
19268066 10 0 56976406 512
19268074 10 0 56976421 512
19137011 10 0 56976421 512
19005955 10 0 56976437 512
18612757 10 0 56976437 512
18088497 10 0 56976453 512
17695301 10 0 56976453 512
17236566 10 0 56976453 512
16908897 10 0 56976468 512
16581224 10 0 56976468 512
16515693 10 0 56976484 512
16253553 10 0 56976484 512
16253555 10 0 56976500 512
16188021 10 0 56976500 512
16188022 10 0 56976515 512
16188023 10 0 56976515 512
16188024 10 0 56976515 512
16188025 10 0 56976531 512
16253561 10 0 56976531 512
16319097 10 0 56976546 512
16450169 10 0 56976546 512
16581242 10 0 56976562 512
16777850 10 0 56976562 512
16908922 10 0 56976578 512
17171066 10 0 56976578 512
17564281 10 0 56976578 512
18023033 10 0 56976593 512
18350713 10 0 56976593 512
18678392 10 0 56976609 512
19006071 10 0 56976609 512
19464822 10 0 56976625 512
20120179 10 0 56976625 512
21103217 10 0 56976625 512
23069288 10 0 56976640 512
25035358 10 0 56976640 512
26477143 10 0 56976656 512
27656784 10 0 56976656 512
28181069 10 0 56976671 512
28574282 10 0 56976671 512
28639817 10 0 56976687 512
28705352 10 0 56976687 512
28705351 10 0 56976687 512
28770886 10 0 56976703 512
28770885 10 0 56976703 512
28770885 10 0 56976718 512
28705349 10 0 56976718 512
28705347 10 0 56976734 512
28639811 10 0 56976734 512
28574274 10 0 56976734 512
28443201 10 0 56976750 512
28443201 10 0 56976765 514
24248474 10 0 56977406 513
23265439 10 0 56977500 512
21430443 10 0 56977515 512
19923125 10 0 56977515 512
19005629 10 0 56977531 512
18350277 10 0 56977531 512
17694924 10 0 56977546 512
17170643 10 0 56977546 512
16908503 10 0 56977546 512
16777433 10 0 56977562 512
16777436 10 0 56977562 512
16777437 10 0 56977578 512
16777437 10 0 56977578 512
16777438 10 0 56977593 512
16777439 10 0 56977593 512
16842976 10 0 56977609 512
16908513 10 0 56977609 512
17039585 10 0 56977609 512
17105122 10 0 56977625 512
17236194 10 0 56977640 512
17432803 10 0 56977640 512
17563875 10 0 56977640 512
17694948 10 0 56977656 512
17957093 10 0 56977656 512
18350311 10 0 56977656 512
18874600 10 0 56977671 512
19792107 10 0 56977671 512
21430513 10 0 56977687 512
23855350 10 0 56977687 512
26214649 10 0 56977703 512
28377341 10 0 56977703 512
30146813 10 0 56977703 512
31260925 10 0 56977718 512
32047358 10 0 56977718 512
32375038 10 0 56977734 512
32506110 10 0 56977734 512
32702718 10 0 56977750 512
32768253 10 0 56977765 512
32768253 10 0 56977796 512
32768252 10 0 56977796 512
32702715 10 0 56977812 512
32637178 10 0 56977812 512
32375033 10 0 56977828 512
32112889 10 0 56977828 512
31850743 10 0 56977828 512
31457527 10 0 56977843 512
31064312 10 0 56977843 512
30671096 10 0 56977859 512
30277882 10 0 56977859 512
29884669 10 0 56977875 512
29360386 10 0 56977875 512
28705033 10 0 56977875 512
28049681 10 0 56977890 512
27459864 10 0 56977890 512
27066657 10 0 56977906 512
26542377 10 0 56977906 512
26280241 10 0 56977921 512
25952569 10 0 56977921 512
25690437 10 0 56977937 512
25428302 10 0 56977937 512
25297241 10 0 56977937 512
25166177 10 0 56977953 512
25035112 10 0 56977953 512
25035116 10 0 56977968 512
25035119 10 0 56977968 512
25035120 10 0 56977984 512
25035121 10 0 56977984 512
25035121 10 0 56978000 512
25035122 10 0 56978015 512
25100658 10 0 56978015 512
25100658 10 0 56978031 514
7013269 10 0 56978765 513
7078803 10 0 56978906 512
7406480 10 0 56978921 512
7865225 10 0 56978937 512
8455041 10 0 56978937 512
9438069 10 0 56978937 512
10748776 10 0 56978953 512
11993947 10 0 56978953 512
13370192 10 0 56978968 512
14549830 10 0 56978968 512
15336257 10 0 56978968 512
16253756 10 0 56979000 512
16974649 10 0 56979000 512
17564471 10 0 56979000 512
18088757 10 0 56979000 512
18416435 10 0 56979000 512
18678579 10 0 56979015 512
19006259 10 0 56979015 512
19137331 10 0 56979031 512
19202867 10 0 56979031 512
19268403 10 0 56979062 512
19333939 10 0 56979062 512
19333940 10 0 56979078 512
19333941 10 0 56979078 512
19333941 10 0 56979093 512
19333942 10 0 56979093 512
19333943 10 0 56979109 512
19268409 10 0 56979109 512
19268411 10 0 56979125 512
19268414 10 0 56979125 512
19268421 10 0 56979140 512
19137357 10 0 56979140 512
19006297 10 0 56979140 512
18809705 10 0 56979156 512
18482041 10 0 56979156 512
18219908 10 0 56979171 512
18154377 10 0 56979171 512
18088843 10 0 56979187 512
18088844 10 0 56979187 512
18088845 10 0 56979203 512
18219917 10 0 56979218 512
18219917 10 0 56979234 512
18350988 10 0 56979234 512
18350987 10 0 56979250 512
18416523 10 0 56979250 512
18547594 10 0 56979250 512
18547593 10 0 56979265 512
18678665 10 0 56979265 512
18744200 10 0 56979281 512
19006343 10 0 56979281 512
19399557 10 0 56979296 512
19792773 10 0 56979296 512
20185987 10 0 56979296 512
20382595 10 0 56979312 512
20448131 10 0 56979312 512
20579203 10 0 56979328 512
20579203 10 0 56979328 512
20579203 10 0 56979359 512
20579204 10 0 56979375 512
20579205 10 0 56979390 512
20579206 10 0 56979406 512
20579208 10 0 56979406 512
20579211 10 0 56979421 512
20579213 10 0 56979421 512
20579217 10 0 56979437 512
20579219 10 0 56979437 512
20579223 10 0 56979453 512
20579226 10 0 56979453 512
20579228 10 0 56979468 512
20579229 10 0 56979468 512
20579229 10 0 56979468 514
26739421 10 0 56979968 513
27067111 10 0 56980078 512
28246793 10 0 56980078 512
29360949 10 0 56980078 512
30409569 10 0 56980093 512
31261583 10 0 56980093 512
31982522 10 0 56980109 512
32637925 10 0 56980109 512
33096719 10 0 56980125 512
33424433 10 0 56980125 512
33752145 10 0 56980140 512
33948776 10 0 56980140 512
34079869 10 0 56980140 512
34210963 10 0 56980156 512
34342060 10 0 56980156 512
34342087 10 0 56980171 512
34342109 10 0 56980171 512
34211048 10 0 56980187 512
33555670 10 0 56980484 512
32638129 10 0 56980484 512
31655048 10 0 56980500 512
30671965 10 0 56980500 512
29492270 10 0 56980515 512
28312570 10 0 56980515 512
27329483 10 0 56980515 512
26346397 10 0 56980531 512
25428847 10 0 56980531 512
24576838 10 0 56980546 512
23855899 10 0 56980546 512
23134963 10 0 56980562 512
22414023 10 0 56980562 512
21758623 10 0 56980578 512
21168754 10 0 56980578 512
20578885 10 0 56980578 512
20054551 10 0 56980593 512
19595760 10 0 56980593 512
19005898 10 0 56980609 512
18416037 10 0 56980609 512
17760647 10 0 56980625 512
17432950 10 0 56980625 512
17301871 10 0 56980625 512
15860072 10 0 56980906 512
14025056 10 0 56980906 512
12845403 10 0 56980906 512
11665752 10 0 56980921 512
10879317 10 0 56980921 512
10092883 10 0 56980937 512
9437520 10 0 56980937 512
8716622 10 0 56980953 512
8126795 10 0 56980953 512
7668040 10 0 56980953 512
7340357 10 0 56980968 512
7209290 10 0 56981234 512
7668045 10 0 56981234 512
8192337 10 0 56981250 512
8651092 10 0 56981250 512
9044310 10 0 56981265 512
9371992 10 0 56981265 512
9568601 10 0 56981281 512
9699674 10 0 56981281 512
9765211 10 0 56981281 512
9765211 10 0 56981296 512
9830747 10 0 56981296 512
9830748 10 0 56981312 512
9896284 10 0 56981312 512
9961820 10 0 56981328 512
9961820 10 0 56981343 512
10027356 10 0 56981343 512
10092892 10 0 56981359 512
10158428 10 0 56981359 512
10223964 10 0 56981375 512
10355036 10 0 56981375 512
10355037 10 0 56981390 512
10420573 10 0 56981390 512
10486109 10 0 56981390 512
10551645 10 0 56981406 512
10682719 10 0 56981406 512
10813793 10 0 56981421 512
11010405 10 0 56981421 512
11075947 10 0 56981437 512
11272565 10 0 56981437 512
11469183 10 0 56981437 512
11600269 10 0 56981453 512
11665821 10 0 56981453 512
11862447 10 0 56981468 512
11862469 10 0 56981468 512
11862484 10 0 56981484 512
11862498 10 0 56981484 512
11796974 10 0 56981500 512
11731449 10 0 56981500 512
11731456 10 0 56981500 512
11731460 10 0 56981515 512
11731464 10 0 56981515 512
11731467 10 0 56981531 512
11731469 10 0 56981546 512
11731472 10 0 56981546 512
11731474 10 0 56981546 512
11731477 10 0 56981546 512
11731481 10 0 56981562 512
11665949 10 0 56981562 512
11665955 10 0 56981578 512
11665961 10 0 56981578 512
11534895 10 0 56981593 512
11338296 10 0 56981593 512
11141697 10 0 56981609 512
10945097 10 0 56981609 512
10748496 10 0 56981609 512
10748497 10 0 56981625 512
10879586 10 0 56982187 512
11141757 10 0 56982203 512
11338385 10 0 56982203 512
11600547 10 0 56982203 512
11928244 10 0 56982218 512
12190402 10 0 56982218 512
12452558 10 0 56982234 512
12583639 10 0 56982234 512
12714721 10 0 56982250 512
12845800 10 0 56982250 512
12976877 10 0 56982250 512
13042416 10 0 56982265 512
13107954 10 0 56982265 512
13173491 10 0 56982281 512
13239027 10 0 56982281 512
13239028 10 0 56982296 512
13239028 10 0 56982296 512
13107986 10 0 56982750 512
13042494 10 0 56982765 512
12780391 10 0 56982765 512
12714894 10 0 56982765 512
12714932 10 0 56982781 512
12583893 10 0 56982781 512
12583920 10 0 56982796 512
12583943 10 0 56982796 512
12583959 10 0 56982812 512
12780583 10 0 56982812 512
12846129 10 0 56982812 512
12911672 10 0 56982828 512
12977213 10 0 56982828 512
12977215 10 0 56982843 512
12977216 10 0 56982843 512
12977217 10 0 56982859 512
12977217 10 0 56982859 512
13042753 10 0 56982875 512
13042753 10 0 56983265 513
13042753 10 0 56983484 514
