29884769 10 0 77744968 513
29557095 10 0 77745109 512
27787655 10 0 77745109 512
25428403 10 0 77745109 512
22807017 10 0 77745140 512
20513311 10 0 77745140 512
18612818 10 0 77745140 512
17040004 10 0 77745140 512
16057013 10 0 77745140 512
15336157 10 0 77745156 512
15074047 10 0 77745156 512
15074071 10 0 77745171 512
15205161 10 0 77745171 512
15532853 10 0 77745187 512
15795004 10 0 77745187 512
16057153 10 0 77745203 512
16253764 10 0 77745203 512
16515910 10 0 77745203 512
16646984 10 0 77745218 512
16843594 10 0 77745218 512
17171275 10 0 77745234 512
17433423 10 0 77745234 512
17826641 10 0 77745250 512
18219858 10 0 77745250 512
18613074 10 0 77745250 512
19006290 10 0 77745265 512
19399506 10 0 77745265 512
19661648 10 0 77745281 512
19923789 10 0 77745281 512
20120394 10 0 77745296 512
20579140 10 0 77745296 512
21627700 10 0 77745312 512
23855887 10 0 77745328 512
25821933 10 0 77745328 512
27722441 10 0 77745328 512
28967593 10 0 77745343 512
30081669 10 0 77745343 512
30933601 10 0 77745359 512
31457851 10 0 77745359 512
31982102 10 0 77745375 512
32178677 10 0 77745375 512
32113107 10 0 77745390 512
31654326 10 0 77745390 512
31261083 10 0 77745390 512
30671239 10 0 77745406 512
30146936 10 0 77745406 512
29753710 10 0 77745421 512
29229413 10 0 77745421 512
28836191 10 0 77745421 512
28442972 10 0 77745437 512
28180825 10 0 77745437 512
27853142 10 0 77745453 512
27525461 10 0 77745453 512
27263315 10 0 77745468 512
27001171 10 0 77745468 512
26476883 10 0 77745484 512
25821523 10 0 77745484 512
25166163 10 0 77745484 512
24379732 10 0 77745500 512
23593303 10 0 77745500 512
22937945 10 0 77745515 512
22413660 10 0 77745515 512
21823839 10 0 77745531 512
21234018 10 0 77745531 512
20775271 10 0 77745531 512
20250987 10 0 77745546 512
19595634 10 0 77745546 512
18940281 10 0 77745562 512
18219394 10 0 77745562 512
17301903 10 0 77745578 512
16581021 10 0 77745578 512
16056745 10 0 77745578 512
15598001 10 0 77745593 512
15466936 10 0 77745593 512
15335869 10 0 77745609 512
15335872 10 0 77745609 512
15335873 10 0 77745625 512
15335875 10 0 77745625 512
15335877 10 0 77745640 512
15401413 10 0 77745640 512
15466951 10 0 77745640 512
15532488 10 0 77745656 512
15598025 10 0 77745656 512
15729099 10 0 77745671 512
15729100 10 0 77745671 512
15860173 10 0 77745687 512
15860174 10 0 77745687 512
15991248 10 0 77745687 512
16122321 10 0 77745703 512
16122322 10 0 77745718 512
16187859 10 0 77745718 512
16253396 10 0 77745734 512
16384469 10 0 77745734 512
16450007 10 0 77745734 512
16646617 10 0 77745750 512
16908766 10 0 77745750 512
17433063 10 0 77745765 512
18350579 10 0 77745765 512
19399171 10 0 77745781 512
20578837 10 0 77745781 512
21627431 10 0 77745796 512
22282803 10 0 77745796 512
22741562 10 0 77745812 512
23134785 10 0 77745812 512
23396935 10 0 77745812 512
23724618 10 0 77745828 512
23986766 10 0 77745828 512
24183377 10 0 77745843 512
24379988 10 0 77745843 512
24773208 10 0 77745859 512
25035356 10 0 77745859 512
25428575 10 0 77745859 512
25756257 10 0 77745875 512
25952867 10 0 77745875 512
26083941 10 0 77745890 512
26215014 10 0 77745890 512
26346087 10 0 77745906 512
26346087 10 0 77745906 512
26411623 10 0 77745906 512
26477159 10 0 77745921 512
26477160 10 0 77745968 512
26477161 10 0 77745984 512
26477161 10 0 77746000 512
26477161 10 0 77746015 512
26477162 10 0 77746015 512
26477163 10 0 77746046 512
26477163 10 0 77746062 512
26477164 10 0 77746078 512
26346094 10 0 77746078 512
26280559 10 0 77746078 512
26215027 10 0 77746093 512
26149493 10 0 77746093 512
26018425 10 0 77746109 512
25952891 10 0 77746125 512
25887359 10 0 77746125 512
25821825 10 0 77746125 512
25756291 10 0 77746125 512
25756292 10 0 77746140 512
25690758 10 0 77746140 512
25690759 10 0 77746156 512
25690761 10 0 77746156 512
25690763 10 0 77746171 512
25690765 10 0 77746187 512
25690767 10 0 77746187 512
25625231 10 0 77746187 512
25625231 10 0 77746187 512
25625232 10 0 77746203 512
25559696 10 0 77746218 512
25494160 10 0 77746218 512
25428624 10 0 77746234 512
25428624 10 0 77746250 514
