33227089 10 0 57395453 513
32571705 10 0 57395453 512
32571705 10 0 57395453 512
31064337 10 0 57395468 512
29229283 10 0 57395468 512
29229283 10 0 57395468 512
27328696 10 0 57395484 512
25493657 10 0 57395484 512
25493657 10 0 57395484 512
23986309 10 0 57395500 512
22872189 10 0 57395500 512
21495931 10 0 57395515 512
19791998 10 0 57395515 512
18022535 10 0 57395531 512
15728795 10 0 57395531 512
13893808 10 0 57395546 512
12320970 10 0 57395546 512
12320970 10 0 57395562 512
10748139 10 0 57395562 512
9568528 10 0 57395562 512
8585534 10 0 57395578 512
7602551 10 0 57395593 512
7602551 10 0 57395593 512
7209408 10 0 57395593 512
7078428 10 0 57395593 512
7078528 10 0 57395609 512
7340756 10 0 57395625 512
8520485 10 0 57395625 512
9831267 10 0 57395640 512
11404176 10 0 57395640 512
13042605 10 0 57395640 512
14746554 10 0 57395656 512
16647102 10 0 57395671 512
18809787 10 0 57395671 512
21103538 10 0 57395687 512
21103538 10 0 57395687 512
23200675 10 0 57395687 512
25166733 10 0 57395687 512
27067246 10 0 57395703 512
28705608 10 0 57395718 512
29557530 10 0 57395718 512
29950691 10 0 57395734 512
30081706 10 0 57395734 512
29819499 10 0 57395750 512
29164086 10 0 57395750 512
29164086 10 0 57395750 512
28312079 10 0 57395765 512
27525624 10 0 57395765 512
26935790 10 0 57395781 512
26214888 10 0 57395781 512
26214888 10 0 57395781 512
25428457 10 0 57395796 512
24314354 10 0 57395812 512
24314354 10 0 57395812 512
22675976 10 0 57395812 512
20709930 10 0 57395828 512
20709930 10 0 57395828 512
18678353 10 0 57395828 512
16581259 10 0 57395843 512
14615253 10 0 57395843 512
12583719 10 0 57395859 512
11142013 10 0 57395859 512
10552263 10 0 57395859 512
10552336 10 0 57395875 512
11273296 10 0 57395890 512
12649599 10 0 57395890 512
14288027 10 0 57395890 512
16319657 10 0 57395906 512
18744493 10 0 57395906 512
21300389 10 0 57395921 512
23921811 10 0 57395921 512
26739827 10 0 57395937 512
29688906 10 0 57395937 512
32244761 10 0 57395953 512
34341847 10 0 57395968 512
35586966 10 0 57395968 512
36111174 10 0 57395968 512
36111080 10 0 57395984 512
35127941 10 0 57395984 512
33161767 10 0 57396000 512
31195608 10 0 57396015 512
28967325 10 0 57396031 512
26935668 10 0 57396031 512
24904027 10 0 57396031 512
22872395 10 0 57396046 512
20447558 10 0 57396062 512
17891657 10 0 57396062 512
15335768 10 0 57396078 512
13042030 10 0 57396078 512
11075984 10 0 57396093 512
9634244 10 0 57396093 512
8651271 10 0 57396109 512
8389198 10 0 57396109 512
9110176 10 0 57396109 512
11010810 10 0 57396125 512
13632332 10 0 57396125 512
16581514 10 0 57396140 512
19334064 10 0 57396140 512
22152133 10 0 57396156 512
25363403 10 0 57396171 512
28246976 10 0 57396171 512
31064994 10 0 57396187 512
33555320 10 0 57396187 512
35455809 10 0 57396187 512
36635394 10 0 57396203 512
37225142 10 0 57396203 512
37225055 10 0 57396218 512
35717628 10 0 57396218 512
33161621 10 0 57396250 512
30671163 10 0 57396250 512
28377329 10 0 57396265 512
26149056 10 0 57396265 512
24051876 10 0 57396265 512
22216855 10 0 57396265 512
19988626 10 0 57396281 512
17563801 10 0 57396281 512
15401133 10 0 57396312 512
13762755 10 0 57396312 512
12124395 10 0 57396328 512
10879271 10 0 57396328 512
10486128 10 0 57396343 512
10355143 10 0 57396343 512
11403812 10 0 57396359 512
13763209 10 0 57396359 512
16777961 10 0 57396375 512
19923759 10 0 57396375 512
22676309 10 0 57396390 512
25363302 10 0 57396390 512
27591527 10 0 57396406 512
29885265 10 0 57396406 512
32244517 10 0 57396421 512
34145003 10 0 57396437 512
35848868 10 0 57396437 512
36962889 10 0 57396453 512
37421543 10 0 57396453 512
37421446 10 0 57396453 512
36372769 10 0 57396453 512
35127507 10 0 57396468 512
33816740 10 0 57396484 512
32899219 10 0 57396484 512
31981710 10 0 57396500 512
31064209 10 0 57396500 512
29819041 10 0 57396515 512
28442803 10 0 57396531 512
27066571 10 0 57396531 512
25821405 10 0 57396546 512
25821405 10 0 57396546 514
25821405 10 0 57396546 514
30671594 10 0 76036250 513
30671592 10 0 76036328 512
30671587 10 0 76036328 512
30540507 10 0 76036328 512
30474963 10 0 76036328 512
30343883 10 0 76036343 512
30147265 10 0 76036359 512
29950643 10 0 76036359 512
29754019 10 0 76036375 512
29491862 10 0 76036375 512
29295242 10 0 76036390 512
29098621 10 0 76036390 512
28770929 10 0 76036390 512
28508774 10 0 76036406 512
28115547 10 0 76036406 512
27656784 10 0 76036406 512
27132486 10 0 76036406 512
26477116 10 0 76036421 512
25952818 10 0 76036421 512
25428521 10 0 76036437 512
24838689 10 0 76036437 512
24379932 10 0 76036453 512
23921177 10 0 76036453 512
23593494 10 0 76036468 512
23396885 10 0 76036468 512
23069204 10 0 76036468 512
22938131 10 0 76036484 512
22741523 10 0 76036500 512
22479379 10 0 76036515 512
21955095 10 0 76036515 512
21103132 10 0 76036515 512
19923492 10 0 76036531 512
18743853 10 0 76036531 512
18022965 10 0 76036531 512
17498684 10 0 76036546 512
17105474 10 0 76036546 512
16843336 10 0 76036546 512
16515666 10 0 76036562 512
16122459 10 0 76036562 512
15860327 10 0 76036578 512
15729268 10 0 76036593 512
15532679 10 0 76036593 512
15467165 10 0 76036609 512
15467188 10 0 76036609 512
15598285 10 0 76036609 512
15794919 10 0 76036625 512
15991545 10 0 76036625 512
16253700 10 0 76036640 512
16515853 10 0 76036640 512
16843540 10 0 76036656 512
17105690 10 0 76036656 512
17433375 10 0 76036656 512
17826596 10 0 76036671 512
18350889 10 0 76036671 512
19006255 10 0 76036687 512
19661620 10 0 76036687 512
20448057 10 0 76036703 512
21103420 10 0 76036703 512
21824317 10 0 76036718 512
22414142 10 0 76036718 512
22938429 10 0 76036734 512
23266109 10 0 76036734 512
23593787 10 0 76036734 512
23855928 10 0 76036750 512
24183604 10 0 76036750 512
24642350 10 0 76036765 512
25166629 10 0 76036765 512
25953049 10 0 76036765 512
27001607 10 0 76036765 512
28246773 10 0 76036781 512
29229793 10 0 76036796 512
30212814 10 0 76036796 512
31261368 10 0 76036812 512
32178847 10 0 76036812 512
32899718 10 0 76036812 512
33686124 10 0 76036828 512
34275923 10 0 76036828 512
34669117 10 0 76036843 512
35062309 10 0 76036843 512
35324432 10 0 76036843 512
35652091 10 0 76036859 512
35783143 10 0 76036859 512
35979733 10 0 76036859 512
35979718 10 0 76036875 512
36045241 10 0 76036875 512
36045227 10 0 76036890 512
36045215 10 0 76036890 512
35848598 10 0 76036906 512
35717517 10 0 76036906 512
35455363 10 0 76036906 512
35258747 10 0 76036937 512
34931061 10 0 76036937 512
34668913 10 0 76036953 512
34406765 10 0 76036953 512
34079082 10 0 76036968 512
33882473 10 0 76036968 512
33751399 10 0 76036968 512
33685862 10 0 76036984 512
33423718 10 0 76036984 512
33292646 10 0 76037000 512
33030502 10 0 76037000 512
32440681 10 0 76037000 512
31195502 10 0 76037015 512
28836217 10 0 76037015 512
26542467 10 0 76037031 512
24248718 10 0 76037031 512
22020506 10 0 76037031 512
20185508 10 0 76037046 512
18874797 10 0 76037046 512
17891764 10 0 76037062 512
17039803 10 0 76037062 512
16384451 10 0 76037078 512
15860169 10 0 76037078 512
15204819 10 0 76037078 512
14746075 10 0 76037093 512
14287333 10 0 76037093 512
13894128 10 0 76037109 512
13500925 10 0 76037109 512
13107723 10 0 76037125 512
12845593 10 0 76037125 512
12648998 10 0 76037125 512
12517940 10 0 76037140 512
12452417 10 0 76037156 512
12452429 10 0 76037156 512
12452441 10 0 76037156 512
12583526 10 0 76037171 512
12583539 10 0 76037171 512
12714623 10 0 76037187 512
12976779 10 0 76037187 512
13238936 10 0 76037187 512
13501096 10 0 76037203 512
13828790 10 0 76037218 512
14353096 10 0 76037218 512
14811861 10 0 76037234 512
15336159 10 0 76037234 512
15663844 10 0 76037234 512
15860454 10 0 76037250 512
15991526 10 0 76037250 512
16122598 10 0 76037265 512
16319206 10 0 76037265 512
16450278 10 0 76037265 512
16515814 10 0 76037281 512
16646885 10 0 76037281 512
16777957 10 0 76037296 512
16843493 10 0 76037296 512
16909028 10 0 76037312 512
17105635 10 0 76037312 512
17302240 10 0 76037312 512
18023129 10 0 76037328 512
19923652 10 0 76037328 512
22545057 10 0 76037343 512
24576643 10 0 76037359 512
26346084 10 0 76037359 512
27525707 10 0 76037359 512
28443189 10 0 76037375 512
29426205 10 0 76037375 512
30016009 10 0 76037390 512
30409208 10 0 76037390 512
30802409 10 0 76037390 512
31064540 10 0 76037406 512
31326670 10 0 76037406 512
31457730 10 0 76037421 512
31719862 10 0 76037421 512
31785385 10 0 76037437 512
31916444 10 0 76037437 512
31916432 10 0 76037453 512
31916419 10 0 76037453 512
31719797 10 0 76037453 512
31457641 10 0 76037468 512
31064413 10 0 76037468 512
30736722 10 0 76037484 512
30277961 10 0 76037484 512
29884735 10 0 76037484 512
29360440 10 0 76037500 512
28901680 10 0 76037500 512
28442923 10 0 76037515 512
28049703 10 0 76037515 512
27656484 10 0 76037531 512
27263266 10 0 76037531 512
27001121 10 0 76037546 512
26673441 10 0 76037546 512
26345761 10 0 76037546 512
25821475 10 0 76037562 512
25231653 10 0 76037562 512
24772903 10 0 76037578 512
24248618 10 0 76037578 512
23855403 10 0 76037593 512
23724333 10 0 76037593 512
23593261 10 0 76037609 512
23527726 10 0 76037609 512
23462190 10 0 76037625 512
23462190 10 0 76037640 512
23462191 10 0 76037640 512
23462191 10 0 76037640 514
23462191 10 0 76037640 514
38142505 10 0 76103937 513
38076962 10 0 76103968 512
38011416 10 0 76103968 512
38011407 10 0 76103984 512
37880327 10 0 76103984 512
37814783 10 0 76104000 512
37683703 10 0 76104000 512
37552625 10 0 76104000 512
37421545 10 0 76104031 512
37290467 10 0 76104031 512
37093851 10 0 76104046 512
36831699 10 0 76104046 512
36569545 10 0 76104046 512
36176317 10 0 76104062 512
35914162 10 0 76104062 512
35520935 10 0 76104078 512
35193242 10 0 76104078 512
34734476 10 0 76104093 512
33948025 10 0 76104093 512
33292651 10 0 76104093 512
32506204 10 0 76104109 512
31457613 10 0 76104109 512
30343485 10 0 76104125 512
28705068 10 0 76104125 512
26870045 10 0 76104140 512
24510736 10 0 76104140 512
22282500 10 0 76104156 512
20381949 10 0 76104156 512
18874620 10 0 76104171 512
18022653 10 0 76104171 512
17432832 10 0 76104171 512
16843015 10 0 76104187 512
16384272 10 0 76104187 512
16056603 10 0 76104203 512
15597864 10 0 76104203 512
15139129 10 0 76104203 512
14811468 10 0 76104218 512
14418274 10 0 76104218 512
14156153 10 0 76104234 512
13828497 10 0 76104234 512
13631915 10 0 76104234 512
13435335 10 0 76104250 512
13435363 10 0 76104250 512
13435393 10 0 76104250 512
13632029 10 0 76104265 512
13894197 10 0 76104265 512
14287435 10 0 76104281 512
14680667 10 0 76104281 512
15073899 10 0 76104296 512
15532667 10 0 76104312 512
15991433 10 0 76104312 512
16515732 10 0 76104328 512
17040030 10 0 76104328 512
17695401 10 0 76104328 512
18547383 10 0 76104343 512
19464897 10 0 76104343 512
20185801 10 0 76104343 512
20972238 10 0 76104359 512
21562065 10 0 76104359 512
22020818 10 0 76104375 512
22217427 10 0 76104375 512
22414035 10 0 76104375 512
22545107 10 0 76104390 512
22676178 10 0 76104390 512
22676178 10 0 76104406 512
22807249 10 0 76104406 512
22807248 10 0 76104421 512
22807247 10 0 76104421 512
22938315 10 0 76104421 512
23331519 10 0 76104437 512
24642202 10 0 76104453 512
26477162 10 0 76104453 512
28508725 10 0 76104468 512
30016007 10 0 76104468 512
31130083 10 0 76104484 512
32113085 10 0 76104484 512
32899481 10 0 76104484 512
33489267 10 0 76104484 512
34079059 10 0 76104500 512
34275638 10 0 76104515 512
34341149 10 0 76104515 512
34341129 10 0 76104515 512
34078969 10 0 76104531 512
33751275 10 0 76104531 512
33489121 10 0 76104546 512
33161434 10 0 76104546 512
32833749 10 0 76104546 512
32506066 10 0 76104562 512
32243921 10 0 76104578 512
31981777 10 0 76104578 512
31719633 10 0 76104593 512
31326417 10 0 76104593 512
30671059 10 0 76104609 512
29360349 10 0 76104609 512
27263212 10 0 76104609 512
24969477 10 0 76104625 512
22937888 10 0 76104625 512
21037373 10 0 76104640 512
19333472 10 0 76104640 512
17564036 10 0 76104656 512
16122279 10 0 76104656 512
15008199 10 0 76104656 512
13959654 10 0 76104671 512
13369855 10 0 76104671 512
12845592 10 0 76104687 512
12452398 10 0 76104687 512
12321344 10 0 76104703 512
12190291 10 0 76104703 512
12190316 10 0 76104718 512
12255877 10 0 76104718 512
12452513 10 0 76104718 512
12845757 10 0 76104734 512
13370069 10 0 76104734 512
13828841 10 0 76104750 512
14353144 10 0 76104750 512
14942978 10 0 76104750 512
15401737 10 0 76104750 512
15729421 10 0 76104765 512
16122637 10 0 76104781 512
16319246 10 0 76104781 512
16450319 10 0 76104796 512
16646927 10 0 76104796 512
16777999 10 0 76104812 512
16909071 10 0 76104812 512
17105679 10 0 76104828 512
17564431 10 0 76104828 512
18350859 10 0 76104828 512
19989252 10 0 76104843 512
22741745 10 0 76104843 512
25559770 10 0 76104859 512
28050111 10 0 76104859 512
30212771 10 0 76104859 512
32113291 10 0 76104875 512
33489523 10 0 76104875 512
34538077 10 0 76104890 512
35193419 10 0 76104890 512
35783225 10 0 76104906 512
36241960 10 0 76104906 512
36438555 10 0 76104906 512
36700684 10 0 76104921 512
36766207 10 0 76104921 512
36831731 10 0 76104937 512
36831719 10 0 76104937 512
36569563 10 0 76104953 512
36372945 10 0 76104953 512
36045256 10 0 76104968 512
35652031 10 0 76104968 512
35324342 10 0 76104968 512
34996653 10 0 76104984 512
34537894 10 0 76105000 512
34210207 10 0 76105000 512
33816987 10 0 76105000 512
33554838 10 0 76105000 512
33554838 10 0 76105015 514
